534.072 168.721 -0.56347 0.256592 0.0748217 -0.0945572 1.50232 -0.363119
551.33 139.561 -0.582622 0.283767 0.0944984 -0.128165 1.50042 -0.583164
445.802 113.162 -0.53828 0.19522 -0.0276346 -0.159674 1.50144 -0.37117
540.237 152.492 -0.576799 0.201364 0.0813915 -0.11377 1.49466 -0.603779
546.795 94.407 -0.491915 0.199941 0.090573 -0.183132 1.51256 -0.355728
522.018 107.351 -0.558195 0.206913 0.0600501 -0.164566 1.48261 -0.477028
514.086 118.369 -0.558488 0.203379 0.051181 -0.152894 1.49207 -0.472752
515.155 130.39 -0.553773 0.190273 0.0521874 -0.138618 1.48779 -0.385483
509.051 101.511 -0.560367 0.296373 0.0454714 -0.171674 1.49447 -0.552034
518.064 146.514 -0.564449 0.274776 0.0560896 -0.11996 1.49962 -0.513879
435.444 70.0436 -0.561577 0.189956 -0.0421326 -0.218515 1.56443 -0.200208
540.191 108.262 -0.568619 0.200585 0.0819727 -0.165922 1.50533 -0.402705
450.311 77.0433 -0.556588 0.20621 -0.0236925 -0.207825 1.54803 -0.340382
448.739 62.8965 -0.476259 0.224026 -0.0249577 -0.225213 1.5521 -0.433819
533.315 122.598 -0.572626 0.284551 0.0738932 -0.148597 1.50713 -0.504478
484.199 94.196 -0.558632 0.227675 0.0167731 -0.183802 1.5181 -0.577227
540.071 140.556 -0.574956 0.282697 0.0812211 -0.126249 1.49153 -0.591906
498.207 103.335 -0.556626 0.208719 0.0329389 -0.171608 1.50404 -0.460704
434.786 116.158 -0.541361 0.215054 -0.0411722 -0.159026 1.52877 -0.540463
545.812 128.586 -0.583936 0.28868 0.0895121 -0.142275 1.51444 -0.559974
504.119 129.422 -0.551209 0.193584 0.0394791 -0.139689 1.48692 -0.41798
429.818 130.171 -3.1393 -9.4942 -0.0470894 -0.142413 1.52853 101.902
470.318 88.1133 -0.555012 0.232288 0.000300878 -0.191763 1.52526 -0.586565
547.786 83.481 -0.530634 0.268925 0.0930596 -0.198836 1.53422 -0.84153
535.658 97.2279 -0.489242 0.201396 0.077539 -0.179296 1.50988 -0.377011
461.59 77.0951 -0.472489 0.225973 -0.00916232 -0.204885 1.52614 -0.502578
456.883 113.161 -0.537455 0.220399 -0.0147533 -0.158817 1.49338 -0.612259
438.501 80.9613 -0.476977 0.215115 -0.0372571 -0.205038 1.56338 -0.403492
524.941 77.1143 -0.482383 0.179285 0.0656238 -0.205707 1.53226 -0.154122
464.658 139.738 -0.558585 0.211643 -0.00568588 -0.132041 1.5458 0.318972
545.728 167.443 -0.484942 0.172511 0.0894998 -0.0976549 1.51424 -0.242535
459.755 59.3368 -0.484877 0.136783 -0.0118399 -0.232294 1.5674 -0.374468
533.404 179.889 -0.587642 0.280711 0.0732738 -0.0813226 1.4945 -0.864148
506.065 141.42 -0.551584 0.184104 0.0419504 -0.126359 1.49283 -0.345993
529.24 156.655 -0.562096 0.18287 0.0689151 -0.108398 1.50048 -0.376709
445.809 124.182 -0.53502 0.203677 -0.0275491 -0.146418 1.4968 -0.492962
484.172 83.2507 -0.55427 0.207834 0.0167335 -0.196281 1.51451 -0.391253
536.842 83.5728 -0.509268 0.32324 0.0792526 -0.195853 1.5203 -0.667644
465.894 124.287 -0.546762 0.201487 -0.00437906 -0.14755 1.50837 -0.458884
138.036 77.0298 0.0865936 0.0452111 -0.405891 -0.211914 1.57849 -0.336758
485.675 66.0282 -0.48767 0.211741 0.0195683 -0.221756 1.55316 -0.354918
413.674 89.9993 -0.469011 0.242032 -0.0686861 -0.197392 1.58963 -0.618386
476.907 127.353 -0.549846 0.196 0.00847639 -0.143954 1.50744 -0.414324
498.803 152.464 -0.561654 0.196595 0.0342953 -0.115124 1.51244 -0.518719
427.5 81.0456 -0.558765 0.202154 -0.0519487 -0.205632 1.56791 -0.302283
458.329 88.0514 -0.551219 0.202757 -0.0139062 -0.192042 1.52748 -0.35274
475.258 59.9285 -0.486598 0.193747 0.00636733 -0.230485 1.56338 -0.215968
470.267 101.153 -0.552169 0.191819 0.000300223 -0.17601 1.52194 -0.294622
516.117 157.44 -0.56649 0.184273 0.0546692 -0.110158 1.52485 -0.361602
428.721 152.045 -0.230354 0.0930066 -0.0480454 -0.115796 1.52128 -0.187214
448.925 102.096 -0.541112 0.188402 -0.0241889 -0.172802 1.50428 -0.282915
526.441 133.248 -0.574021 0.215132 0.0653407 -0.136133 1.49853 -0.652226
478.028 139.654 -0.555788 0.262648 0.00976904 -0.130423 1.52686 -0.295766
410.868 109.103 -0.484743 0.197782 -0.0729354 -0.17531 1.60177 -0.290481
522.151 171.664 -0.565964 0.262683 0.0609802 -0.0912613 1.50557 -0.465298
493.041 55.3804 -0.495837 0.21656 0.0283608 -0.238066 1.57344 -0.352939
424.552 66.8911 -0.496564 0.163237 -0.0554976 -0.227225 1.60015 0.0148773
407.365 75.4063 -0.354696 -0.198937 -0.0813837 -0.227246 1.67337 0.193644
434.822 105.037 -0.550896 0.207931 -0.0416897 -0.174223 1.54799 -0.420245
424.46 119.085 -0.551297 0.230306 -0.0559578 -0.160492 1.57815 -0.650938
503.081 114.327 -0.555678 0.191464 0.0388571 -0.15915 1.5075 -0.33296
430.426 92.0008 -0.545948 0.229738 -0.0477109 -0.189908 1.5487 -0.561182
449.388 51.8023 -0.485519 0.214848 -0.0253785 -0.242466 1.57826 -0.333412
528.128 171.001 -0.486085 0.182863 0.0675305 -0.0918143 1.49557 -0.449602
545.062 141.702 -0.487612 0.187295 0.0871842 -0.125355 1.49466 -0.384275
439.323 114.925 -0.533195 0.19872 -0.0356325 -0.156693 1.49521 -0.415564
534.094 154.951 -0.476647 0.25132 0.0742417 -0.11 1.49067 -0.265813
541.335 96.2195 -0.484064 0.189007 0.083312 -0.180297 1.50846 -0.273482
515.967 109.272 -0.473027 0.193988 0.0529547 -0.161657 1.47702 -0.37245
507.866 120.448 -0.470825 0.182176 0.0441186 -0.150162 1.48791 -0.277185
509.149 132.566 -0.470711 0.2588 0.0451268 -0.134736 1.48314 -0.309984
502.747 103.43 -0.472546 0.117933 0.0383833 -0.169905 1.48912 -0.356778
511.787 148.68 -0.481391 0.194365 0.0488688 -0.117044 1.49209 -0.502046
429.698 71.6222 -0.384395 0.250489 -0.0478985 -0.214757 1.55479 -0.642943
534.271 110.247 -0.494308 0.215773 0.074558 -0.162685 1.49702 -0.553966
444.258 78.9348 -0.472541 0.209308 -0.0307806 -0.204685 1.54246 -0.371679
443.072 64.5242 -0.469749 0.239823 -0.032004 -0.221616 1.5438 -0.553226
527.476 124.654 -0.487168 0.199258 0.0665857 -0.145608 1.50041 -0.448243
478.133 96.0115 -0.473326 0.206391 0.00967325 -0.180706 1.51189 -0.414141
534.053 142.638 -0.478149 0.180357 0.0740489 -0.123544 1.4868 -0.315436
492.104 105.259 -0.475096 0.212717 0.0258124 -0.168417 1.4964 -0.50892
428.514 117.966 -0.463225 0.19291 -0.0481206 -0.156132 1.52366 -0.340732
540.127 131.617 -0.491069 0.270988 0.082146 -0.13821 1.50851 -0.395274
497.797 131.481 -0.467071 0.179244 0.032473 -0.137 1.48276 -0.276796
423.202 132.246 -0.557081 0.147382 -0.0554456 -0.140202 1.53026 0.115561
464.386 89.9017 -0.471176 0.205641 -0.00676676 -0.188679 1.51946 -0.38662
541.717 86.1814 -0.508728 0.31295 0.0854286 -0.194142 1.52537 -0.59015
529.792 99.1865 -0.504664 0.247724 0.0699691 -0.17558 1.49815 -0.782267
455.833 78.836 -0.469546 0.202846 -0.0162055 -0.201843 1.52104 -0.340033
450.519 115.093 -0.457347 0.195203 -0.0216135 -0.155888 1.48753 -0.38995
432.63 82.6703 -0.469776 0.229551 -0.0443037 -0.201595 1.55551 -0.524529
519.321 78.807 -0.529695 0.348239 0.0576784 -0.200483 1.51079 -1.43092
458.6 141.522 -0.476247 0.190146 -0.0128296 -0.129188 1.54036 -0.362357
539.179 170.243 -0.573472 0.264555 0.0808977 -0.0936865 1.50704 -0.479611
453.579 61.203 -0.483913 0.186628 -0.0190986 -0.229495 1.56488 -0.168022
526.072 182.801 -0.551539 0.244764 0.0650008 -0.0776511 1.49073 -0.251198
499.74 143.447 -0.474795 0.19663 0.0348284 -0.12341 1.48519 -0.509652
522.583 160.192 -0.48302 0.262767 0.0616698 -0.104456 1.49401 -0.431371
439.551 125.973 -0.452879 0.201431 -0.0343423 -0.143397 1.48951 -0.485508
478.459 85.8017 -0.472035 0.283949 0.00965296 -0.192022 1.50871 -0.386302
530.813 85.2302 -0.499063 0.153275 0.0717667 -0.193554 1.51155 -0.583482
459.616 126.171 -0.463801 0.205083 -0.0113361 -0.144474 1.50071 -0.511018
137.988 76.9574 -0.0980934 -0.0512143 -0.407363 -0.212682 1.58421 0.381478
479.861 67.3941 -0.483846 0.12132 0.0123106 -0.219936 1.54882 -0.28917
102.035 142.061 0.0769774 0.0226488 -0.413772 -0.121745 1.45161 -0.270049
408.091 91.5727 -0.463319 0.23996 -0.0756359 -0.193792 1.58037 -0.617139
470.686 129.271 -0.467865 0.203327 0.00145842 -0.140904 1.49985 -0.506004
407.166 155.701 -0.0655631 0.0957886 -0.0728986 -0.109446 1.4989 -0.248464
491.896 154.667 -0.547342 0.235591 0.0260852 -0.11159 1.51221 -0.0152985
421.897 82.5782 -0.384661 0.233616 -0.0577186 -0.202128 1.55963 -0.552289
452.417 89.7192 -0.467728 0.210736 -0.0209222 -0.188881 1.52109 -0.425808
471.113 61.6708 -0.323197 0.169657 0.00151937 -0.22794 1.56254 -0.0554244
464.292 102.979 -0.470362 0.195858 -0.00675521 -0.173072 1.51687 -0.33803
509.669 158.466 -0.487637 0.112851 0.0473546 -0.108466 1.5177 -0.476519
424.828 153.662 -0.293703 0.20181 -0.0524509 -0.112769 1.51231 -0.597978
442.726 103.9 -0.454232 0.22195 -0.0310024 -0.169473 1.49548 -0.586685
520.431 135.517 -0.483072 0.274263 0.0580947 -0.132019 1.49141 -0.474008
472.359 141.759 -0.474359 0.204192 0.00265365 -0.12736 1.51856 -0.553187
405.43 110.832 -0.480266 0.200701 -0.0801394 -0.172299 1.59688 -0.325863
516.108 173.605 -0.476845 0.172156 0.0538275 -0.088679 1.50137 -0.280341
487.943 57.4779 -0.414153 0.243312 0.0221485 -0.234417 1.56535 -0.53889
418.589 68.7255 -0.625052 -0.295026 -0.0648733 -0.231651 1.64932 3.27799
527.832 170.254 -0.486245 0.18353 0.067513 -0.0929495 1.49519 -0.455229
405.208 73.6872 -0.184435 -0.117755 -0.0841502 -0.229012 1.67681 0.229073
428.573 106.564 -0.470397 0.193533 -0.0487456 -0.17132 1.54345 -0.302283
418.431 120.759 -0.452347 0.255357 -0.062743 -0.156662 1.56433 -0.921241
496.917 116.36 -0.472871 0.182783 0.031764 -0.156408 1.50361 -0.259423
424.705 93.6512 -0.388487 0.200724 -0.0535382 -0.186897 1.54366 -0.335892
443.901 52.9235 -0.395276 0.177291 -0.0313076 -0.239807 1.56887 -0.626326
521.837 172.927 -0.474439 0.170441 0.0604139 -0.0892577 1.49159 -0.265312
539.448 144.433 -0.487778 0.191839 0.0798675 -0.122478 1.48785 -0.453949
433.064 116.373 -0.445394 0.143681 -0.0423134 -0.154538 1.48563 -0.638493
528.083 157.189 -0.481661 0.185237 0.0670168 -0.107222 1.4842 -0.431593
535.603 98.0492 -0.41656 0.217509 0.0770636 -0.177034 1.50062 -0.522264
510.088 111.006 -0.4717 0.200223 0.0458792 -0.158653 1.47041 -0.440939
501.873 122.3 -0.469484 0.186237 0.0370763 -0.147368 1.48301 -0.326705
503.33 134.477 -0.471451 0.117218 0.038055 -0.132977 1.47638 -0.450532
496.804 105.198 -0.470094 0.198664 0.0313318 -0.166925 1.48315 -0.397762
505.698 150.758 -0.477588 0.195179 0.0417049 -0.114117 1.4841 -0.532874
423.934 73.1747 -0.46704 0.138494 -0.0549041 -0.21268 1.54844 -0.423384
528.654 112.206 -0.401982 0.19016 0.0685283 -0.159833 1.49206 -0.330885
438.315 80.5782 -0.47106 0.197625 -0.0378465 -0.201721 1.53809 -0.291379
437.514 66.0787 -0.388378 0.140657 -0.0378296 -0.219506 1.5374 -0.42642
521.667 126.662 -0.400999 0.186516 0.0605707 -0.14281 1.49546 -0.329359
472.209 97.7165 -0.469384 0.199029 0.00263249 -0.177721 1.50645 -0.362611
528.847 144.226 -0.403151 0.110896 0.0680016 -0.12188 1.48059 -0.413839
486.169 107.019 -0.468618 0.195769 0.0187832 -0.16548 1.49085 -0.370455
422.301 119.551 -0.519317 0.244235 -0.0559103 -0.152468 1.51077 -0.859761
534.055 133.847 -0.488416 0.193357 0.0748198 -0.13531 1.50228 -0.41585
491.675 133.305 -0.466766 0.190341 0.0254715 -0.134145 1.47664 -0.408395
416.912 133.325 -0.434804 0.167163 -0.0619677 -0.137695 1.51571 -0.969664
458.515 91.6009 -0.390812 0.183107 -0.0126289 -0.185932 1.51627 -0.212638
536.794 88.9678 -0.445138 0.358776 0.0787516 -0.18876 1.51069 -0.978875
524.181 100.99 -0.483861 0.208101 0.0627112 -0.172459 1.49124 -0.460625
450.129 80.4356 -0.466245 0.124648 -0.0231992 -0.199973 1.5158 -0.349061
444.372 116.737 -0.529974 0.195598 -0.0295631 -0.152954 1.48145 -0.405478
426.86 84.1645 -0.470542 0.126003 -0.0513618 -0.199705 1.5502 -0.354155
513.977 80.7631 -0.387028 0.143463 0.051873 -0.198331 1.51224 0.0966311
452.354 143.355 -0.544263 0.157609 -0.0209935 -0.126824 1.52628 -0.938837
532.386 173.078 -0.577787 0.274131 0.0722309 -0.0895746 1.49689 -0.676902
448.602 62.5246 -0.393262 0.261497 -0.0249975 -0.225572 1.55457 -0.687575
519.617 184.689 -0.4714 0.166013 0.0579297 -0.0751609 1.48718 -0.23644
493.665 145.353 -0.466251 0.178554 0.0278347 -0.120732 1.48058 -0.307353
516.519 161.799 -0.479556 0.184916 0.0544764 -0.101683 1.48731 -0.446328
433.37 127.634 -0.528422 0.188399 -0.0422686 -0.140571 1.48406 -0.363819
472.381 87.3254 -0.468283 0.115321 0.00262871 -0.190292 1.50428 -0.295337
526.357 87.6949 -0.430682 0.350073 0.0653064 -0.188303 1.49774 -0.920661
453.463 127.874 -0.537225 0.196007 -0.0193944 -0.141534 1.49423 -0.431927
137.924 76.915 0.111554 0.0582417 -0.405689 -0.211808 1.5777 -0.433826
474.404 69.0339 -0.481551 0.217481 0.00508733 -0.216674 1.54269 -0.408777
102.234 142.018 0.0320852 0.00944088 -0.413291 -0.121604 1.44993 -0.112565
402.289 93.0598 -0.459298 0.152873 -0.0825253 -0.191499 1.57161 -0.584396
464.551 130.925 -0.46327 0.198949 -0.00549064 -0.13792 1.49272 -0.475597
401.422 159.52 -0.43545 0.348232 -0.0794304 -0.104223 1.49066 -0.549428
485.541 156.531 -0.474493 0.188625 0.0189678 -0.108761 1.5055 -0.447679
416.064 84.0635 -0.466677 0.132777 -0.0647187 -0.200136 1.55355 -0.405081
446.562 91.3356 -0.387279 0.118671 -0.0267314 -0.187101 1.51622 -0.324718
465.664 63.5027 -0.401081 0.29239 -0.00449684 -0.223554 1.54894 -0.907
458.388 104.615 -0.467812 0.187471 -0.0137724 -0.17026 1.51278 -0.272814
503.549 160.095 -0.482937 0.189463 0.0401106 -0.105624 1.5107 -0.46645
417.518 155.584 -0.529797 0.187666 -0.0603979 -0.109954 1.50587 -0.429638
436.621 105.395 -0.449969 0.138013 -0.0377519 -0.167403 1.48739 -0.539637
514.638 137.597 -0.400417 0.191525 0.0520884 -0.129146 1.48497 -0.429916
466.478 143.599 -0.470085 0.177774 -0.00439762 -0.124693 1.51476 -0.253089
400.08 112.571 -0.372066 0.244746 -0.0857203 -0.168628 1.58564 -0.74954
510.978 176.117 -0.401521 0.179649 0.0478047 -0.0859842 1.49498 -0.425728
482.575 59.9953 -0.410091 0.323756 0.0159972 -0.22956 1.5571 -0.550048
412.662 70.3291 -0.593951 -0.177045 -0.0737826 -0.234306 1.67749 1.87771
521.839 172.102 -0.474722 0.17121 0.0603922 -0.0903813 1.49106 -0.275262
402.708 72.5324 -0.166358 -0.0682314 -0.0866456 -0.230035 1.6748 -0.134079
422.203 107.789 -0.544599 0.120544 -0.0569146 -0.169511 1.5379 -0.370049
412.37 122.206 -0.481528 0.0885705 -0.0699659 -0.155334 1.56317 -0.0778437
490.927 118.188 -0.472692 0.195872 0.0246737 -0.15347 1.49768 -0.394996
418.88 95.2122 -0.463975 0.124499 -0.0604978 -0.18503 1.53808 -0.371854
439.941 53.8553 -0.323715 0.0847866 -0.0361633 -0.238535 1.5685 -0.0244379
514.674 175.31 -0.553754 0.17778 0.0521076 -0.086591 1.48551 -0.405343
532.578 146.709 -0.480144 0.261396 0.0726654 -0.118557 1.48209 -0.384355
425.878 117.887 -0.525425 0.189663 -0.0501948 -0.151693 1.48034 -0.35255
521.352 159.286 -0.556971 0.189173 0.0586623 -0.104384 1.4766 -0.506202
529.805 100.706 -0.482744 0.275929 0.0698225 -0.172895 1.49501 -0.374405
503.274 113.018 -0.542019 0.193826 0.0377489 -0.155746 1.46451 -0.393637
494.957 124.425 -0.541043 0.176316 0.0289607 -0.144723 1.47947 -0.235621
496.74 136.605 -0.464894 0.258574 0.0310816 -0.129099 1.4713 -0.338507
489.994 107.129 -0.539964 0.177901 0.0232324 -0.164257 1.47982 -0.221817
498.6 153.018 -0.542512 0.172274 0.0335673 -0.111533 1.48034 -0.2508
418.082 74.6196 -0.475646 0.175051 -0.0620388 -0.210054 1.54678 -0.110634
522.341 114.238 -0.560118 0.20741 0.0601266 -0.156721 1.4845 -0.504001
431.995 82.2135 -0.465178 0.131599 -0.0448242 -0.199747 1.53209 -0.399772
431.998 67.5558 -0.464659 0.216825 -0.0447995 -0.216253 1.53125 -0.410239
515.21 128.904 -0.556228 0.195508 0.0522273 -0.139878 1.48893 -0.43594
465.672 99.4378 -0.465822 0.127994 -0.00435484 -0.175801 1.50003 -0.427906
520.674 147.593 -0.638272 0.358291 0.0584275 -0.116506 1.4707 -0.659696
479.506 109.004 -0.463481 0.171333 0.011831 -0.16291 1.48848 -0.157666
415.301 121.182 -0.560188 0.0456919 -0.0643132 -0.151783 1.51561 0.323288
527.767 136.562 -0.49622 0.292053 0.0673765 -0.130929 1.49216 -0.674319
484.771 135.372 -0.538987 0.189318 0.0173867 -0.131305 1.47047 -0.411121
409.044 134.834 -0.661685 0.0900765 -0.071893 -0.136344 1.5269 0.745503
452.245 93.3388 -0.543831 0.119382 -0.0207864 -0.184141 1.51122 -0.336727
530.367 90.368 -0.526029 0.0237892 0.0708611 -0.188403 1.51725 0.437077
518.102 102.908 -0.474679 0.191732 0.055591 -0.169583 1.48629 -0.329693
444.139 82.099 -0.462208 0.207326 -0.0301323 -0.196863 1.50997 -0.388654
437.421 118.372 -0.524793 0.121254 -0.037435 -0.151136 1.4749 -0.436242
420.912 85.7582 -0.464228 0.215458 -0.0583253 -0.196473 1.54369 -0.434081
508.743 82.7224 -0.388491 0.146805 0.0460456 -0.196129 1.51334 0.0731627
445.64 145.485 -0.471025 0.16743 -0.0280589 -0.124313 1.5245 -0.118868
525.946 175.378 -0.484824 0.182404 0.0649586 -0.0868385 1.48976 -0.475264
442.979 64.0309 -0.471342 0.154429 -0.0320677 -0.223256 1.54687 -0.513403
513.361 185.846 -0.544946 0.0872483 0.0497556 -0.0738522 1.48405 -0.208974
486.48 147.36 -0.619337 0.199232 0.0185446 -0.117743 1.47191 -0.577768
509.256 164.286 -0.622589 0.17072 0.0451376 -0.0991219 1.4835 -0.254575
426.42 129.268 -0.523133 0.114581 -0.0501156 -0.138852 1.47801 -0.403357
465.727 88.9113 -0.464986 0.216037 -0.00434609 -0.187051 1.49701 -0.484776
519.541 89.0665 -0.437879 -0.00756383 0.0587383 -0.188416 1.50794 0.679938
446.506 129.641 -0.453952 0.203697 -0.0262037 -0.138478 1.48629 -0.528836
137.912 76.9174 -0.0741581 -0.0387172 -0.406802 -0.212389 1.58203 0.288399
468.37 70.5024 -0.477726 0.218538 -0.00207856 -0.213396 1.53631 -0.425522
102.309 142.105 -0.098147 -0.0288785 -0.414763 -0.122037 1.45509 0.344324
396.681 94.4238 -0.387387 0.121296 -0.0883361 -0.18968 1.56664 -0.331084
457.7 132.784 -0.535321 0.200387 -0.0135205 -0.134914 1.4851 -0.507649
391.683 160.662 -0.671893 0.10154 -0.0895088 -0.102699 1.48535 -0.354513
476.811 158.651 -0.699935 0.15281 0.00846878 -0.106469 1.50609 0.0393232
410.334 85.4629 -0.463134 0.131528 -0.0716657 -0.198163 1.54755 -0.400233
440.35 92.8578 -0.542591 0.18763 -0.0348702 -0.184286 1.51241 -0.253852
459.505 64.501 -0.478246 0.117917 -0.0116705 -0.221786 1.54498 -0.26385
452.003 106.316 -0.465526 0.106617 -0.0207553 -0.168661 1.50896 -0.254496
496.51 161.782 -0.552485 0.175669 0.0318233 -0.102989 1.50641 -0.285832
411.056 156.754 -0.530365 0.100555 -0.0683533 -0.108446 1.50114 -0.314784
429.754 106.928 -0.524704 0.201679 -0.0456225 -0.164377 1.48091 -0.432086
508.122 139.865 -0.543815 0.172701 0.0439312 -0.126556 1.48159 -0.22517
459.587 145.734 -0.464151 0.21526 -0.0113599 -0.121464 1.50386 -0.726922
394.835 114.154 -0.401095 0.0975837 -0.0917368 -0.167164 1.58342 -0.148217
505.135 179.51 -0.480197 0.342235 0.0406017 -0.0808507 1.48582 -0.610654
477.426 61.9485 -0.48644 0.256128 0.00870058 -0.225718 1.54731 -0.652639
407.443 71.369 -0.511518 0.111181 -0.0814554 -0.232639 1.67484 -0.176374
514.639 174.476 -0.554235 0.179176 0.0520787 -0.0876937 1.48469 -0.424584
400.455 71.3935 -0.279606 -0.224413 -0.0908397 -0.233402 1.68034 0.369525
415.123 108.92 -0.54042 0.12039 -0.0650209 -0.167706 1.53229 -0.373896
405.934 123.662 -0.479428 0.171888 -0.0771573 -0.152755 1.56158 -0.105683
484.113 120.196 -0.544928 0.183916 0.0164998 -0.150711 1.49335 -0.288677
413.048 96.6332 -0.45287 0.22376 -0.0672909 -0.181673 1.5299 -0.545708
435.531 54.8903 -0.323721 0.0838359 -0.0410191 -0.237277 1.56822 -0.0184139
